Sample	Sense	Undetermined	Antisense
Kiley_A_DZM0422_Aerobic_A	2.35	44.16	53.49
Kiley_A_DZM0422_Aerobic_B	2.2399999999999998	43.82	53.949999999999996
Kiley_A_DZM0422_Aerobic_C	2.21	43.769999999999996	54.010000000000005
Kiley_A_DZM0422_Anaerobic_A	2.09	42.449999999999996	55.45
Kiley_A_DZM0422_Anaerobic_B	2.3	42.480000000000004	55.22
Kiley_A_DZM0422_Anaerobic_C	2.44	43.36	54.2
Kiley_A_WT_Aerobic_A	2.55	44.89	52.559999999999995
Kiley_A_WT_Aerobic_B	2.29	45.22	52.49
Kiley_A_WT_Aerobic_C	2.02	44.07	53.910000000000004
Kiley_A_WT_Anaerobic_A	2.2399999999999998	43.91	53.849999999999994
Kiley_A_WT_Anaerobic_B	1.97	44.89	53.14
Kiley_A_WT_Anaerobic_C	2.29	42.03	55.67999999999999
Kiley_B_Dfur_-O2_A	1.03	24.14	74.83
Kiley_B_Dfur_-O2_B	72.07000000000001	8.03	19.900000000000002
Kiley_B_Dfur_-O2_C	9.11	45.67	45.22
Kiley_B_DrsuR_-O2_A	3.82	58.64	37.54
Kiley_B_DrsuR_-O2_B	0.77	25.679999999999996	73.54
Kiley_B_DrsuR_-O2_C	28.449999999999996	22.17	49.38
Kiley_B_WT_+O2_Ctrl_A	13.79	34.48	51.73
Kiley_B_WT_+O2_Ctrl_B	0.16	54.55	45.29
Kiley_B_WT_+O2_Ctrl_C	66.5	6.11	27.400000000000002
Kiley_B_WT_+O2_Paraquat_A	10.9	39.04	50.05
Kiley_B_WT_+O2_Paraquat_B	7.6899999999999995	38.66	53.65
Kiley_B_WT_+O2_Paraquat_C	1.9300000000000002	33.269999999999996	64.8
Kiley_B_WT_-O2_Ctrl_A	0.8	14.430000000000001	84.77
Kiley_B_WT_-O2_Ctrl_B	4.859999999999999	43.19	51.949999999999996
Kiley_B_WT_-O2_Ctrl_C	0.02	18.58	81.39999999999999
Kiley_B_WT_-O2_NoFe_A	36.52	27.54	35.94
Kiley_B_WT_-O2_NoFe_B	22.38	14.96	62.660000000000004
Kiley_B_WT_-O2_NoFe_C	6.950000000000001	34.63	58.43000000000001
Kiley_B_WT_-O2_NoFe_DIP_A	32.98	38.03	28.99
Kiley_B_WT_-O2_NoFe_DIP_B	2.0500000000000003	43.03	54.92
Kiley_B_WT_-O2_NoFe_DIP_C	1.6400000000000001	39.45	58.91
Kiley_B_WT_-O2_Peroxide_A	1.6199999999999999	31.259999999999998	67.11
Kiley_B_WT_-O2_Peroxide_C	5.01	43.04	51.949999999999996
SRX10341586	2.86	41.71	55.43
SRX10341587	4.9	44.09	51.01
SRX10341588	3.4099999999999997	42.14	54.449999999999996
SRX10341589	5.53	50.09	44.39
SRX10341590	2.4	45.08	52.52
SRX10341591	2.71	43.88	53.410000000000004
SRX10341592	2.97	41.339999999999996	55.67999999999999
SRX10341593	3.2	42.17	54.64
SRX10341594	2.96	42.33	54.71
SRX10341595	3.42	41.099999999999994	55.48
SRX10341596	3.5700000000000003	42.18	54.25
SRX10341597	3.16	42.199999999999996	54.65
SRX11348531	4.89	39.93	55.17999999999999
SRX11348532	4.74	40.760000000000005	54.50000000000001
SRX1432806	3.3000000000000003	71.03	25.669999999999998
SRX14563846	1.47	40.14	58.39
SRX14563847	1.38	41.49	57.13
SRX14563848	1.6199999999999999	43.35	55.04
SRX14563849	1.29	40.510000000000005	58.199999999999996
SRX14570260	4.32	38.279999999999994	57.4
SRX14570261	4.35	38.190000000000005	57.46
SRX14570262	4.2299999999999995	38.440000000000005	57.34
SRX14570263	5.390000000000001	36.85	57.76
SRX14570264	4.9799999999999995	37.580000000000005	57.440000000000005
SRX14570265	4.18	41.010000000000005	54.800000000000004
SRX14570266	4.3999999999999995	41.47	54.13
SRX14570267	3.7900000000000005	37.29	58.919999999999995
SRX14570268	4.2299999999999995	36.39	59.39
SRX14570269	4.6	39.379999999999995	56.02
SRX14570270	4.36	38.78	56.86
SRX14570271	5.050000000000001	39.53	55.43
SRX14570272	5.25	37.56	57.19
SRX14570273	5.1	37.07	57.84
SRX14570274	4.92	37.69	57.38999999999999
SRX14570275	5.1	37.85	57.05
SRX14570276	4.72	36.75	58.53
SRX14570277	5.06	36.230000000000004	58.709999999999994
SRX14953908	1.44	45.660000000000004	52.900000000000006
SRX14953909	1.81	39.61	58.57
SRX14953910	1.49	42.38	56.13
SRX14953911	1.46	40.2	58.34
SRX14953912	1.67	47.5	50.83
SRX14953913	3.6900000000000004	47.67	48.64
SRX14953914	3.5900000000000003	53.52	42.89
SRX14953915	3.2	51.82	44.98
SRX14953916	3.36	49.85	46.79
SRX14953917	1.8399999999999999	41.74	56.410000000000004
SRX14953918	1.6099999999999999	38.690000000000005	59.699999999999996
SRX14953919	1.49	44.529999999999994	53.99
SRX14953920	2.71	51.53	45.76
SRX14953921	2.5700000000000003	45.910000000000004	51.519999999999996
SRX14953922	3.56	53.52	42.93
SRX14953923	3.51	44.07	52.42
SRX14953924	2.39	40.12	57.489999999999995
SRX14953925	2.96	46.910000000000004	50.12
SRX14953926	3.81	42.120000000000005	54.06999999999999
SRX14953927	2.87	48.63	48.5
SRX14953928	5.93	51.57000000000001	42.5
SRX14953929	4.96	56.69	38.35
SRX14953930	7.26	44.6	48.14
SRX14953931	6.11	52.239999999999995	41.65
SRX14953932	5.4	55.14	39.46
SRX18804540	2.63	41.08	56.28999999999999
SRX18804541	2.39	41.21	56.38999999999999
SRX18804542	1.91	40.02	58.08
SRX18804543	4.77	43.21	52.019999999999996
SRX18804544	5.08	44.1	50.81
SRX18804545	5.86	43.34	50.8
SRX18804546	5.96	42.47	51.57000000000001
SRX18804547	2.09	42.54	55.37
SRX18804548	2.3	44.06	53.64
SRX18804549	1.8499999999999999	37.16	60.99
SRX18804550	6.0	39.73	54.26
SRX18804551	2.64	40.48	56.87
SRX18804552	6.59	40.739999999999995	52.68000000000001
SRX18804553	4.41	40.94	54.64
SRX18804554	4.62	36.09	59.29
SRX19817112	1.41	38.22	60.370000000000005
SRX19817113	1.31	39.44	59.24
SRX19817114	1.5	39.4	59.089999999999996
SRX19817115	1.23	37.76	61.01
SRX19817116	1.32	38.11	60.57
SRX19817117	1.32	38.21	60.47
SRX2036088	7.7700000000000005	91.21000000000001	1.01
SRX2036089	7.13	91.64999999999999	1.22
SRX2036090	6.58	92.60000000000001	0.8200000000000001
SRX2036091	6.959999999999999	92.17	0.8699999999999999
SRX2036300	8.77	45.36	45.87
SRX2036303	9.02	45.7	45.29
SRX2036305	7.93	45.46	46.61
SRX2036307	8.959999999999999	42.41	48.620000000000005
SRX2037533	7.55	39.95	52.5
SRX2037535	6.9	39.910000000000004	53.190000000000005
SRX2037536	4.95	43.480000000000004	51.57000000000001
SRX2037537	4.99	44.6	50.41
SRX2037538	7.89	43.45	48.66
SRX2037540	8.42	43.87	47.72
SRX2037541	6.78	46.79	46.43
SRX2037542	6.569999999999999	46.739999999999995	46.68
SRX2037691	5.64	54.230000000000004	40.14
SRX2037693	4.760000000000001	63.31	31.929999999999996
SRX2037695	5.81	57.42	36.77
SRX2037697	6.13	56.54	37.330000000000005
SRX2037699	6.58	51.65	41.77
SRX2037713	7.13	52.94	39.94
SRX2037715	5.86	54.190000000000005	39.95
SRX2037717	5.35	60.86	33.79
SRX2116174	4.22	67.14	28.64
SRX2116175	4.15	69.19	26.669999999999998
SRX2116176	2.39	62.03999999999999	35.57
SRX21659709	1.54	53.010000000000005	45.45
SRX21659710	1.38	48.42	50.2
SRX21659711	1.6	51.28	47.12
SRX22720559	1.68	39.96	58.36
SRX22720560	1.82	40.88	57.3
SRX22720561	1.2	42.22	56.57
SRX22720562	1.63	42.71	55.66
SRX22720563	1.6400000000000001	41.199999999999996	57.15
SRX22720564	1.6500000000000001	40.14	58.209999999999994
SRX22720565	1.52	42.58	55.88999999999999
SRX22720566	1.53	42.59	55.879999999999995
SRX22720567	1.17	41.17	57.65
SRX22720568	1.24	41.68	57.08
SRX22720569	1.53	40.61	57.86
SRX22720570	1.4000000000000001	40.510000000000005	58.08
SRX22720571	1.77	41.410000000000004	56.82000000000001
SRX22720572	1.59	44.37	54.04
SRX22720573	1.7999999999999998	41.449999999999996	56.75
SRX22720574	2.0	42.24	55.76
SRX22720575	2.04	41.97	55.989999999999995
SRX22720576	1.63	40.6	57.769999999999996
SRX22720577	1.71	40.03	58.26
SRX22720578	1.7000000000000002	39.879999999999995	58.42
SRX22720579	1.79	40.48	57.730000000000004
SRX3316529	4.89	42.93	52.190000000000005
SRX3316530	1.7000000000000002	37.4	60.89
SRX3316531	2.21	38.89	58.91
SRX3316532	1.8800000000000001	36.52	61.6
SRX3316533	2.0	46.03	51.970000000000006
SRX3316534	1.91	43.480000000000004	54.61
SRX3316535	1.8599999999999999	39.87	58.269999999999996
SRX3316536	7.000000000000001	48.32	44.68
SRX3316537	4.19	41.65	54.16
SRX3316538	1.78	39.160000000000004	59.06
SRX3316539	1.59	39.050000000000004	59.36
SRX3316540	1.96	37.09	60.95
SRX3316541	2.68	40.6	56.720000000000006
SRX3316542	2.15	39.92	57.93000000000001
SRX3316543	1.94	36.39	61.67
SRX3316544	1.95	39.42	58.63
SRX3316545	1.94	39.04	59.019999999999996
SRX3316546	1.97	37.54	60.5
SRX3316547	1.77	39.739999999999995	58.489999999999995
SRX3316548	1.49	40.739999999999995	57.76
SRX3316549	1.5599999999999998	39.379999999999995	59.07
SRX3316550	1.44	39.33	59.230000000000004
SRX3316551	2.17	48.38	49.45
SRX3316552	2.03	42.25	55.720000000000006
SRX3316553	1.81	39.97	58.220000000000006
SRX3316554	2.4699999999999998	42.66	54.86
SRX3316555	2.4	42.82	54.779999999999994
SRX3316556	2.73	41.620000000000005	55.65
SRX3316557	1.9300000000000002	38.6	59.47
SRX3316558	1.5	39.81	58.69
SRX3316559	2.18	39.129999999999995	58.69
SRX3316560	1.96	42.559999999999995	55.48
SRX3316561	2.53	41.699999999999996	55.779999999999994
SRX3316625	1.6	38.97	59.43000000000001
SRX3316626	1.92	37.56	60.529999999999994
SRX3316627	2.0500000000000003	39.6	58.35
SRX3316628	2.15	38.49	59.36
SRX3316629	1.9	37.65	60.45
SRX3316630	2.06	37.7	60.24
SRX3316631	1.8499999999999999	38.05	60.099999999999994
SRX3316632	1.6500000000000001	37.669999999999995	60.69
SRX3316633	1.8599999999999999	37.63	60.519999999999996
SRX3316634	2.26	39.68	58.06
SRX3316735	1.5699999999999998	44.14	54.290000000000006
SRX3316736	1.69	40.550000000000004	57.76
SRX3316737	1.95	40.75	57.3
SRX3316738	2.12	41.52	56.37
SRX3316739	1.6199999999999999	41.63	56.75
SRX3316740	1.26	47.13	51.61
SRX3316741	1.8399999999999999	46.160000000000004	52.0
SRX3316742	1.73	41.089999999999996	57.18
SRX3316743	1.8800000000000001	41.099999999999994	57.02
SRX3316744	1.38	48.4	50.22
SRX3316745	1.23	49.830000000000005	48.93
SRX3316746	1.16	48.49	50.339999999999996
SRX3316747	1.54	42.55	55.92
SRX3316748	1.92	41.589999999999996	56.49999999999999
SRX3316749	1.4200000000000002	43.81	54.769999999999996
SRX3316750	1.72	41.53	56.74
SRX3316751	2.08	39.57	58.35
SRX3316752	1.95	39.46	58.589999999999996
SRX3316753	1.91	39.17	58.919999999999995
SRX3316754	1.91	39.81	58.28
SRX3316755	1.87	39.53	58.599999999999994
SRX3316756	2.04	39.72	58.24
SRX3316757	1.97	39.53	58.5
SRX3316758	1.91	40.21	57.879999999999995
SRX3411505	2.19	95.13000000000001	2.68
SRX3411506	3.74	91.7	4.569999999999999
SRX3411507	2.8000000000000003	93.58	3.62
SRX3411508	2.03	95.42	2.55
SRX3411509	2.23	95.17999999999999	2.59
SRX3411510	2.67	93.16	4.17
SRX3411511	2.22	95.19999999999999	2.5700000000000003
SRX3411512	1.8599999999999999	95.52000000000001	2.6100000000000003
SRX3411513	2.9000000000000004	93.30000000000001	3.8
SRX3411514	23.97	49.29	26.740000000000002
SRX3411515	21.38	56.34	22.28
SRX3411516	29.049999999999997	33.83	37.12
SRX3411517	13.389999999999999	69.47	17.14
SRX3411518	25.47	45.85	28.67
SRX3411519	22.2	54.02	23.78
SRX3411520	8.21	79.03	12.76
SRX3411521	25.41	48.71	25.88
SRX3411522	19.2	60.29	20.52
SRX3411523	19.220000000000002	63.019999999999996	17.76
SRX3411524	3.85	92.03	4.12
SRX3411525	13.889999999999999	71.91	14.19
SRX3541437	1.44	45.67	52.89
SRX3541438	1.81	39.61	58.58
SRX3541439	1.49	42.38	56.13
SRX3541440	1.46	40.19	58.36
SRX3541441	1.66	47.52	50.82
SRX3541442	3.6900000000000004	47.67	48.64
SRX3541443	3.58	53.53	42.88
SRX3541444	3.2	51.83	44.97
SRX3541445	3.36	49.86	46.77
SRX3541446	3.5000000000000004	44.080000000000005	52.42
SRX3541447	2.94	46.92	50.13999999999999
SRX3541448	3.8	42.14	54.059999999999995
SRX3541449	5.94	51.55	42.51
SRX3541450	4.97	56.69	38.34
SRX3541451	7.26	44.61	48.13
SRX3541452	6.11	52.239999999999995	41.65
SRX3541453	5.390000000000001	55.15	39.46
SRX5252024	14.899999999999999	43.09	42.01
SRX5252025	17.82	42.41	39.77
SRX5252026	21.08	42.44	36.480000000000004
SRX5252027	13.96	43.47	42.57
SRX5252028	13.96	41.83	44.21
SRX5252029	17.0	42.9	40.11
SRX5252030	18.970000000000002	43.04	37.99
SRX5252031	8.55	42.59	48.86
SRX5252032	14.85	42.63	42.52
SRX5252033	12.659999999999998	44.12	43.22
SRX5252034	13.74	43.37	42.89
SRX5252035	8.709999999999999	45.57	45.72
SRX5252036	20.25	42.51	37.24
SRX5252037	17.94	42.870000000000005	39.190000000000005
SRX5252038	13.84	42.54	43.61
SRX5252039	21.09	42.84	36.07
SRX5252040	10.39	43.86	45.75
SRX5252041	20.810000000000002	42.49	36.7
SRX5252042	18.44	42.54	39.019999999999996
SRX5252043	17.61	42.86	39.53
SRX5252044	19.59	42.78	37.63
SRX5252045	17.87	42.36	39.77
SRX5252046	21.08	42.17	36.75
SRX5252047	17.740000000000002	43.059999999999995	39.2
SRX5252048	20.349999999999998	42.39	37.26
SRX5252049	20.21	42.620000000000005	37.169999999999995
SRX5252050	21.47	42.22	36.309999999999995
SRX5252051	20.0	42.47	37.53
SRX5252052	19.43	41.52	39.04
SRX5252053	14.2	42.120000000000005	43.68
SRX5252054	15.98	42.67	41.349999999999994
SRX5252055	15.310000000000002	41.54	43.15
SRX5252056	12.07	43.61	44.32
SRX5252057	13.600000000000001	42.67	43.74
SRX5252058	7.86	42.07	50.07
SRX5252059	4.8500000000000005	44.73	50.43
SRX5252060	20.200000000000003	42.11	37.69
SRX5252061	13.29	42.18	44.529999999999994
SRX5329169	3.2	51.82	44.98
SRX5329170	1.46	40.2	58.34
SRX5329171	1.8399999999999999	41.74	56.42
SRX5329172	3.6900000000000004	47.67	48.64
SRX5329173	2.96	46.910000000000004	50.12
SRX5329174	1.6099999999999999	38.690000000000005	59.699999999999996
SRX5329175	1.49	42.38	56.13
SRX5329176	2.71	51.53	45.76
SRX5329177	1.81	39.61	58.57
SRX5329178	3.5900000000000003	53.52	42.89
SRX5329179	1.67	47.5	50.83
SRX5329180	3.51	44.07	52.42
SRX5329181	7.26	44.6	48.14
SRX5329182	2.39	40.11	57.489999999999995
SRX5329183	6.4399999999999995	45.34	48.22
SRX5329184	1.44	45.660000000000004	52.900000000000006
SRX5329185	6.11	52.23	41.65
SRX5329186	5.4	55.14	39.46
SRX5329187	3.81	42.120000000000005	54.06999999999999
SRX5329188	3.36	49.85	46.79
SRX5329189	4.96	56.69	38.36
SRX5329190	5.93	51.57000000000001	42.5
SRX5329191	3.56	53.52	42.93
SRX5329192	2.87	48.63	48.49
SRX5329193	2.5700000000000003	45.910000000000004	51.519999999999996
SRX5329194	1.49	44.529999999999994	53.99
SRX6700162	1.5599999999999998	40.54	57.9
SRX6700163	1.46	34.86	63.690000000000005
SRX6700164	1.63	40.67	57.699999999999996
SRX6700165	2.12	37.169999999999995	60.699999999999996
SRX6700166	2.55	41.79	55.66
SRX6700167	2.69	41.61	55.7
SRX6700168	2.62	42.41	54.96
SRX6700169	2.69	44.37	52.94
SRX6700170	2.8000000000000003	44.0	53.2
SRX6700171	5.87	44.13	50.0
SRX6700172	6.25	43.25	50.51
SRX6700173	6.8500000000000005	44.83	48.32
SRX6700174	1.43	38.03	60.540000000000006
SRX6700175	1.76	39.32	58.91
SRX6700176	1.77	39.25	58.97
SRX6700177	1.92	40.660000000000004	57.42
SRX6700178	1.8499999999999999	41.07	57.089999999999996
SRX6700179	1.6	45.769999999999996	52.629999999999995
SRX6700180	2.01	52.6	45.39
SRX6700181	2.3	44.45	53.239999999999995
SRX6700182	1.91	50.56	47.53
SRX6700183	5.2	48.15	46.660000000000004
SRX6700184	5.8999999999999995	46.98	47.12
SRX6700185	4.9399999999999995	48.07	46.989999999999995
SRX6922015	2.07	40.23	57.699999999999996
SRX6922016	1.6099999999999999	40.52	57.879999999999995
SRX6922017	2.01	41.27	56.720000000000006
SRX6922018	2.11	41.69	56.2
SRX6922019	3.34	36.94	59.72
SRX6922020	3.73	38.45	57.830000000000005
SRX6922021	3.6799999999999997	38.43	57.89
SRX6922022	1.79	40.0	58.209999999999994
SRX6922023	1.67	40.25	58.08
SRX6922024	2.01	40.26	57.730000000000004
SRX6922025	2.1399999999999997	40.71	57.14
SRX6922026	2.08	40.62	57.3
SRX6922027	2.1399999999999997	40.300000000000004	57.56
SRX6922028	2.09	40.410000000000004	57.489999999999995
SRX6922029	2.03	41.22	56.75
SRX7101023	1.69	41.24	57.06
SRX7101024	1.82	39.71	58.47
SRX7101025	1.78	39.89	58.330000000000005
SRX7101026	0.67	43.76	55.57
SRX7101027	0.74	44.84	54.42
SRX7101028	0.7000000000000001	45.0	54.300000000000004
SRX7101029	1.8900000000000001	40.42	57.69
SRX7101030	1.51	40.68	57.809999999999995
SRX7101031	1.7399999999999998	40.94	57.32000000000001
SRX7101032	2.31	47.83	49.86
SRX7101033	1.7500000000000002	44.95	53.300000000000004
SRX7101034	1.7000000000000002	46.28	52.019999999999996
SRX7101035	9.030000000000001	46.96	44.01
SRX7101036	1.91	39.34	58.75
SRX7101037	1.5	37.63	60.870000000000005
SRX7101038	1.69	38.3	60.019999999999996
SRX7101039	2.07	37.669999999999995	60.260000000000005
SRX7101040	1.91	36.809999999999995	61.27
SRX7101041	1.72	38.86	59.419999999999995
SRX7551986	1.78	40.47	57.74
SRX7551987	1.6500000000000001	39.489999999999995	58.86
SRX7551988	2.1399999999999997	40.28	57.58
SRX7551989	2.1999999999999997	40.58	57.230000000000004
SRX7551990	2.0500000000000003	41.94	56.00000000000001
SRX7551991	2.04	40.47	57.489999999999995
SRX8694706	1.9800000000000002	43.18	54.83
SRX8694707	1.76	42.58	55.66
SRX8694708	2.04	42.34	55.620000000000005
SRX8694709	1.97	42.809999999999995	55.230000000000004
SRX8694710	1.24	40.050000000000004	58.709999999999994
SRX8694711	1.23	41.18	57.589999999999996
SRX8694712	1.0699999999999998	42.35	56.57
SRX8694713	0.9900000000000001	41.339999999999996	57.67
SRX8694714	1.17	42.17	56.66
SRX8694715	1.6	42.089999999999996	56.31
SRX8694716	1.35	41.78	56.86
SRX8694717	1.51	41.099999999999994	57.4
SRX8694718	1.09	43.05	55.86
SRX8694719	1.28	43.38	55.33
SRX8694720	1.0	40.38	58.60999999999999
SRX8694721	1.4200000000000002	40.11	58.46
SRX8694722	1.16	40.42	58.42
SRX8694723	0.9199999999999999	43.46	55.620000000000005
SRX8694724	1.1400000000000001	43.059999999999995	55.81
SRX8694725	1.03	43.8	55.169999999999995
SRX8694726	0.79	45.2	54.010000000000005
SRX8694727	0.88	45.07	54.05
SRX8694728	0.86	45.04	54.1
SRX8694729	0.95	45.07	53.99
